epoch,train_loss,val_loss,train_accuracy,val_accuracy,train_precision,val_precision,train_recall,val_recall,train_f1,val_f1
1,2.3366,2.1610,0.1323,0.2195,0.1345,0.2143,0.1323,0.2195,0.1203,0.1693
2,2.0222,1.8276,0.2763,0.3504,0.2643,0.3919,0.2763,0.3504,0.2628,0.3241
3,1.6241,1.2901,0.4362,0.5625,0.4266,0.5751,0.4362,0.5625,0.4268,0.5498
4,1.2721,1.0011,0.5685,0.6608,0.5638,0.6835,0.5685,0.6608,0.5641,0.6590
5,1.0634,0.8753,0.6426,0.7123,0.6397,0.7317,0.6426,0.7123,0.6403,0.7111
6,0.9127,0.7575,0.6942,0.7526,0.6925,0.7692,0.6942,0.7526,0.6929,0.7537
7,0.8227,0.7267,0.7280,0.7593,0.7268,0.7819,0.7280,0.7593,0.7271,0.7603
8,0.7590,0.6097,0.7500,0.8017,0.7492,0.8096,0.7500,0.8017,0.7492,0.8002
9,0.6992,0.5265,0.7702,0.8310,0.7695,0.8345,0.7702,0.8310,0.7696,0.8312
10,0.6591,0.5286,0.7849,0.8276,0.7846,0.8340,0.7849,0.8276,0.7844,0.8269
11,0.6234,0.4968,0.7965,0.8380,0.7961,0.8428,0.7965,0.8380,0.7960,0.8385
12,0.5916,0.4766,0.8061,0.8492,0.8059,0.8534,0.8061,0.8492,0.8057,0.8499
13,0.5676,0.4270,0.8149,0.8614,0.8149,0.8628,0.8149,0.8614,0.8146,0.8614
14,0.5467,0.4499,0.8217,0.8526,0.8215,0.8589,0.8217,0.8526,0.8213,0.8525
15,0.5304,0.4133,0.8273,0.8673,0.8272,0.8695,0.8273,0.8673,0.8270,0.8669
16,0.5155,0.4001,0.8321,0.8749,0.8319,0.8790,0.8321,0.8749,0.8317,0.8752
17,0.4915,0.3946,0.8400,0.8737,0.8399,0.8778,0.8400,0.8737,0.8398,0.8742
18,0.4810,0.4255,0.8420,0.8616,0.8418,0.8703,0.8420,0.8616,0.8417,0.8617
19,0.4716,0.3867,0.8461,0.8759,0.8460,0.8804,0.8461,0.8759,0.8458,0.8763
20,0.4578,0.3920,0.8517,0.8735,0.8516,0.8793,0.8517,0.8735,0.8515,0.8739
21,0.4544,0.3614,0.8509,0.8817,0.8509,0.8851,0.8509,0.8817,0.8507,0.8817
22,0.4366,0.4140,0.8578,0.8696,0.8577,0.8764,0.8578,0.8696,0.8576,0.8688
23,0.4267,0.3732,0.8609,0.8796,0.8610,0.8878,0.8609,0.8796,0.8607,0.8804
24,0.4229,0.3514,0.8620,0.8881,0.8620,0.8911,0.8620,0.8881,0.8618,0.8883
25,0.4174,0.3181,0.8632,0.8966,0.8631,0.8991,0.8632,0.8966,0.8630,0.8967
26,0.4083,0.3412,0.8671,0.8889,0.8671,0.8935,0.8671,0.8889,0.8669,0.8895
27,0.4046,0.3301,0.8672,0.8939,0.8670,0.8976,0.8672,0.8939,0.8670,0.8943
28,0.3970,0.3308,0.8706,0.8943,0.8705,0.8992,0.8706,0.8943,0.8704,0.8940
29,0.3893,0.3349,0.8732,0.8921,0.8732,0.8981,0.8732,0.8921,0.8731,0.8930
30,0.3839,0.3121,0.8741,0.9003,0.8741,0.9023,0.8741,0.9003,0.8740,0.9005
31,0.3823,0.2912,0.8746,0.9092,0.8746,0.9116,0.8746,0.9092,0.8745,0.9096
32,0.3785,0.3138,0.8769,0.9000,0.8769,0.9044,0.8769,0.9000,0.8767,0.8997
33,0.3718,0.2742,0.8791,0.9136,0.8790,0.9140,0.8791,0.9136,0.8790,0.9136
34,0.3692,0.3330,0.8804,0.8904,0.8803,0.8959,0.8804,0.8904,0.8802,0.8911
35,0.3633,0.2711,0.8817,0.9137,0.8816,0.9152,0.8817,0.9137,0.8815,0.9137
36,0.3595,0.3060,0.8821,0.9031,0.8821,0.9072,0.8821,0.9031,0.8820,0.9030
37,0.3584,0.2943,0.8844,0.9079,0.8844,0.9113,0.8844,0.9079,0.8843,0.9083
38,0.3537,0.2713,0.8859,0.9126,0.8859,0.9148,0.8859,0.9126,0.8858,0.9126
39,0.3468,0.2923,0.8866,0.9039,0.8866,0.9074,0.8866,0.9039,0.8864,0.9040
40,0.3510,0.2703,0.8861,0.9144,0.8861,0.9159,0.8861,0.9144,0.8860,0.9144
41,0.3454,0.3001,0.8878,0.9074,0.8878,0.9101,0.8878,0.9074,0.8877,0.9076
42,0.3456,0.3057,0.8870,0.9016,0.8870,0.9069,0.8870,0.9016,0.8869,0.9022
43,0.3339,0.2904,0.8919,0.9083,0.8919,0.9108,0.8919,0.9083,0.8918,0.9083
44,0.3348,0.2867,0.8914,0.9117,0.8913,0.9147,0.8914,0.9117,0.8913,0.9120
45,0.3338,0.2783,0.8913,0.9134,0.8913,0.9166,0.8913,0.9134,0.8912,0.9139
46,0.3351,0.2448,0.8896,0.9200,0.8896,0.9216,0.8896,0.9200,0.8895,0.9201
47,0.3310,0.2557,0.8920,0.9194,0.8919,0.9204,0.8920,0.9194,0.8919,0.9197
48,0.3294,0.2939,0.8934,0.9075,0.8934,0.9142,0.8934,0.9075,0.8933,0.9087
49,0.3217,0.2529,0.8950,0.9207,0.8950,0.9228,0.8950,0.9207,0.8949,0.9209
50,0.3213,0.2563,0.8956,0.9205,0.8956,0.9210,0.8956,0.9205,0.8955,0.9204
51,0.3213,0.2357,0.8959,0.9286,0.8958,0.9294,0.8959,0.9286,0.8957,0.9287
52,0.3131,0.2775,0.8969,0.9140,0.8969,0.9191,0.8969,0.9140,0.8968,0.9143
53,0.3150,0.2641,0.8964,0.9175,0.8964,0.9189,0.8964,0.9175,0.8963,0.9177
54,0.3146,0.2353,0.8978,0.9249,0.8978,0.9254,0.8978,0.9249,0.8977,0.9249
55,0.3112,0.2704,0.8984,0.9187,0.8984,0.9209,0.8984,0.9187,0.8983,0.9190
56,0.3100,0.2588,0.8997,0.9177,0.8997,0.9181,0.8997,0.9177,0.8996,0.9176
57,0.3069,0.2937,0.9000,0.9086,0.9000,0.9114,0.9000,0.9086,0.8999,0.9088
58,0.3072,0.2387,0.9002,0.9268,0.9003,0.9276,0.9002,0.9268,0.9002,0.9268
59,0.3123,0.2591,0.9004,0.9184,0.9005,0.9209,0.9004,0.9184,0.9003,0.9185
60,0.3032,0.2639,0.9011,0.9185,0.9011,0.9199,0.9011,0.9185,0.9010,0.9188
61,0.3031,0.2524,0.9015,0.9222,0.9016,0.9245,0.9015,0.9222,0.9015,0.9224
62,0.3011,0.2792,0.9015,0.9126,0.9015,0.9177,0.9015,0.9126,0.9014,0.9132
63,0.3005,0.2303,0.9023,0.9274,0.9024,0.9285,0.9023,0.9274,0.9023,0.9275
64,0.2995,0.2475,0.9032,0.9216,0.9033,0.9230,0.9032,0.9216,0.9031,0.9217
65,0.3006,0.2878,0.9015,0.9122,0.9015,0.9166,0.9015,0.9122,0.9014,0.9126
66,0.2974,0.2741,0.9034,0.9159,0.9034,0.9186,0.9034,0.9159,0.9033,0.9159
67,0.2923,0.2618,0.9053,0.9186,0.9053,0.9215,0.9053,0.9186,0.9052,0.9186
68,0.2973,0.2867,0.9035,0.9136,0.9035,0.9168,0.9035,0.9136,0.9034,0.9136
69,0.2877,0.2649,0.9070,0.9191,0.9070,0.9210,0.9070,0.9191,0.9069,0.9194
70,0.2878,0.2510,0.9069,0.9240,0.9069,0.9257,0.9069,0.9240,0.9068,0.9241
71,0.2862,0.2529,0.9063,0.9202,0.9063,0.9220,0.9063,0.9202,0.9063,0.9203
72,0.2899,0.2434,0.9059,0.9227,0.9060,0.9253,0.9059,0.9227,0.9058,0.9231
73,0.2894,0.2477,0.9070,0.9243,0.9070,0.9268,0.9070,0.9243,0.9070,0.9245
